 5407393 2690643 8699410 8570662 2647790 3556109 3180740 7467682
 1192145 8448562 9398294 2171386 6455518 9649521 4794632 7121926
 6393169 9826678 5447161 7598990 6473114 1932603 5438859 3525895
 7210466 1963003 5224953 8320679 9937046 9525947 2186766 7673700
 1057982 8619688 1096974 4556637  635913 3326838 4045799 8382599
 4483729 5543087 3658161 1208655 7635046 2121837 6278963 4912392
 7719803 4096547 9328535 7595114 9727408 3570642 1920283 7717860
 1388741 9815404 6962663 8461617  938200 8346216 5254044 3671944
 5303442  506259 8611398 9755615 4848533 8425892 3934563 8694603
 6714311  754984 7412579  323760 5200524 6139318 3477126 7356802
 1499972 6155278 5860920 6626300 2621453 9512644  444540 2658875
 7549332 9193857 2427853 1183965 4424023 3130657 6877960 8721153
 3592282 2336436 7363400 8080584 3947074 5565317 6834158 9435923
 7040474 5037034 4423054 6664168  195776 1529657 3308578 9732287
 4243094 6337669 2702704 1786497 1970538  741428 8217211 4949747
 4299214 7859799 8877709 4646797 3911829 8830316 7691143 6473688
 3967915 9032409 8085141   59736 7550770 6935618 3773955 5850896
 2160189 1053612 7904072 9903198 9493039 2299920 3275654 3329078
 6712643 6893828 4386449 9614207 8335005 2265990 7688542 9242414
 1672535 8762461 8619804 4317445 9898721 4708874 5144234 5621024
 8842810 8376154 5880260 1483088 1547523 6392781 1998628 9955936
 4069548 6393941 7487057 4395183 8255838  283883 7899630  831509
 3185242 5303671 5340641 7820015  899506 7366452 1117057 1901609
 1362925 2618272 6786523 4522447 4951770 4600268 1897104 6736371
 4950058 1769530 1476082 1878308  549741  964868 8507126 3238746
 5605595 1703264 9296088  247340 6966671 8306429 5827909 2448283
 8153972 1420350 8790139 1554419 9889116 3030107    5223  335723
 8654385 4092893 6125664 7831236 9899502 4433719 5276800  174882
 4795233 2857843 8013475 9513967 2278429 1713150 4980942  941498
 9008524 2739117 5746612 2013639 8451781 7531163 7386402 8008794
 5859870 5860841 2467345 4969945 6664162 5909732  834828 5687915
 6259597 1850980 6609445 9016566 7297518  244621 8907521 2643764
 9823032 7825152 7690290 5997021 5814464 5562154 9283130  965327
 5800903 9267870  169829 3983913 1208595  399029 8627107 5851167
 4842965 4132149 8448556 1295334 2094050 6089389 5522913  554064
 6298833 8482957  319910 4520639 6147134 4850143 3624114  674468
  495325 2210058 4895699 6443647 1925103 9758318 1230837 9493423
 2054941 7364724 1465149 4208536 1890721 6857338  426524 6862160
 6351979 2312662 2818668 9947747 5385966 4355930 6951630 7437926
 4991160 3380505 5358010 3629157 4451831 9898832 1239322 7250782
 4903572 8375066 8529981 3980354 8739274 8516957 2702943 1716029
 2084613 9473942 5649795 3508966 6403118 3848786 4170289 3997300
 2059755 7183664 9479331 8359175  820712 9508742 1057094  639814
 1420411 6645256 1664604 1763115 6209586 3709580 5737097 1683999
  520778 1132026 9312013 1525734 7286616 3955167 7378416 3964751
  634045  279644 8604405 4500322 9344051  985437 9843983 9160178
 8589388 4663170 7855589 7491287 5133774 7293292 1776024 7363069
 3985894 6565482 1339312 2158032  308895  514926 9391417  586985
 3013060 4214068 2955338 8104104 3329362 3168191 4670681 8840916
 6481984 4091081  252281 2015669 8422066  254996 5590325  664404
 8540999 6763967 3478791  810754 4460266 3294115  542394 3695797
 1771075 7968574 6628080 1764852 3308289  927104 8984861  596145
 2869066 9884179 7159858 5399821 4935418 7069174 9051245 9994916
 4045530 2878493  673763 4145225 3750246 4648399 8485785 7639570
 3647080 8182040 1426111 1002215 4216995 1781169 8689625 3596349
 9970413  567046 5336924 5218856 3945663 3358489 3322663 1756690
  430317 2089466 8565153 9051535 1806931 6753911 3333161 4684681
 4313643 9121324 3274607 1040115 2525902 7455460 1315650 7362674
  905217 5618614 9521431 1841940 2795444 5972113 5781589 2999369
 3530099 1341229 3169623 2126015 7767401 8949416 3701795  714528
 1914864 2424865  110245  537543 3922744 4417220 9066733  132831
 9872831 8971913 7089234 1966581 6379527  933705 6210545 3073668
 9250947 4560576 8807479 1016693  194523 9953897 7204051 3320928
 5910768 2973468  565111  620452 6387782 2982439 2964715  463512
 4645599 5054281 9479332 7614258 5519324 6310699 5034103  898916
 1333364  808624 7131253 7772405 9251001 9051347 9035488 5337719
 6362923 1091542 3419690 8258088 6636533 3380977 6596103 2939730
 2704382 7463134 6422801  103366 4292537  484473 8022126 6679161
 3321835 6034679 7105066 5261024 6542779 7297094 2406552 7072534
 9191172 7813770 6038373 2879769 3832454 6925319 7801254 5566698
 4950047 3965207 8850606  615906 3979876 7801755 2779377 3375838
 2425263 6078659   14912 7412540 3949872 1048132 2019973 1278883
 7720747 5495401 6084567 4852294 7790569 8904756 4993922 7989602
 3845112 7343410 8307309  513318 1279571  728853 2496650  885274
 5031526 7983508 1282114 9430081 9786866 6837155 7268693 1320829
 2233990 7227245 6825770 1103534 4487080 1174928 6720589 6407179
 9093655 3288142 8387621 6538120 2118894 7491314 9510701 5831857
 8778916 7400323 7090703 2348269 9707134 7349575 4229094 9705985
 8372764 8669302  933192  862345 6734266 3664366  983706 3691988
 6974916 6850284 2159513 5979416 7778300 7893639  807366 3676529
 4053011 2060278 2074904  866665  850326 7719339 5191825 2056745
 9784873 3882716 1660902 5517785 9184744 2289532 3047518 6419406
 5808893 4844803 8438776 1518455 3880722 7819319   60135 1006063
   99198 2940663 1983728 2373730 3933820 5308722 1965205  914987
 8352583 4053154 7797389 1048462  772034 1122839 2914198 7844278
 2754802 2915703 6217059 6035334 9211711 9644226 2254183 4324849
 2847955 6947521  846337 7580992 3277970 4326423  520988 6554980
 6108843 1097550 5445727 9337598 3479037 1874608 5269665 2661788
 9998612 7978302 8552493 4876037 9029634 7689582 1288054 3960067
 6158180 2729387 8303415  372346 9878308 6732949 6456185 4295644
 7503322 4517392 7573719 6098571 6666441  594032 5400275 3158114
 7302547 7727221 7797417 6964329 4886470 1253321 5937586 1301514
 9671731  923523  783776   78202  351691 4231093 3722113 6555731
  779134 7229225 7841874 5312092 4771199 1088179 4406524 6317663
 2817931 1264998 5168050 1343033 3678605  985940 1178914 1420272
 5986249 1682512  165826 1962489 4677771 3174797 1065080 3164290
 3387291 2175633  868919 2510418 2051579 8929224 5177790 7032232
 4767792 5557379  351902 1844336 8531390 2120308 9506138  773468
 8529354 9138004 9803003 7067152 8623074 5577889 8213070 3134289
 9186241 1662035 5982317 6224972 8267744 9879347 5376061 1704320
 9131385 2577922 1677823 3967993  188886  739947 8565001 6840960
 8413767 4023883 7881869 9828352 7295185 4021839 7345474 6206719
 5864633 1543698 5632298 3813452 9242325 1611339 6052371 7581124
 1013221 8711111 6190145 3507767 7338201 6855357 2909641 2941486
 3186248 5306293 5738928 8324233 6412637 5974901  554216 3353113
 9799147 2992250 7925165 4525925 6391802 4226456 3243263 3596063
 9726790 5583191 5052349 7425453 9214434 4243347 5696118 4293557
 4463466 1248727 9644654  244340 1201967 2901852 9849238 3175205
 2299698 6536901 5969959 9569359 5703477 9357308 7646436 4578863
 4121826 2404784  558848 7638979 5060017 7593273 1720412 7406480
 5290259 7436883 5345170 1059204 6826849 6815604 4724277 4632605
 3308144 2121632 3745149  985187 1379258 8235744 7293897 1750097
 3292994 1635699 6605067 6659872  637435 8943893 9073856 5165582
 1046581 7027023  992514 1535903 3925202 9534570 6656693 5408840
 4955984 6797339 4623921  365630 2112863 8092038 4095028 7486188
 1077245 1201870 4893211 5250451 1118230 3258336 3585987 5464494
 2906623 3988807 3278035 4150933 2590287 1807377 5452072 2553867
  696317  205357  173415 9236756 1349191 6536998 8965398 9326135
 7423225 1635123 6036632 9210972 9528853 7946578 9141628 5773941
 2423514 4400355 9020676 2576137 4431335 7519463 5626822 2286694
 3511370  641870  366780 7673295 5637833 6712021 3471890 7152125
 7717218 6420608 6301894 4190482 8926086 3907620 8619935 8161401
 3376120 3174278 6637819 8145397 6843613 7890735 4000810 8522638
  183921 5056366   40859 6356613 3902985 9508944 9999415 4439641
 2000645  600188 6280427 8667498 9194825 6311887 8527824 3550736
